	baseMean	log2FoldChange	lfcSE	stat	pvalue	padj	EhMyb10_1	EhMyb10_2	EhMyb10_3	pEhEx_1	pEhEx_2	pEhEx_3	EhMyb10_1.1	EhMyb10_2.1	EhMyb10_3.1	pEhEx_1.1	pEhEx_2.1	pEhEx_3.1	Certeza	DE
EHI_188960A	3332.298113	-1.902031845	0.385541659	-4.933401617	8.08E-07	0.00167511	1658	1348	485	7493	6979	8726	1486.419385	1213.077951	1520.890763	4429.40087	6553.390656	4790.609051	99.83	UP_pEhEx_DOWN_EhMyb10
EHI_103400A	32.13805365	3.178477485	0.647934782	4.905551563	9.32E-07	0.00167511	26	68	28	7	4	23	23.30935103	61.19384323	87.80400281	4.137969584	3.756062849	12.62709239	99.83	DOWN_pEhEx_UP_EhMyb10
EHI_181610A	169.3491047	2.133143362	0.443476822	4.810044757	1.51E-06	0.001808746	262	481	50	139	82	59	234.8865373	432.8564499	156.7928622	82.16825316	76.99928841	32.391237	99.82	DOWN_pEhEx_UP_EhMyb10
EHI_057550A	555.5126223	2.011309239	0.443616095	4.533896	5.79E-06	0.005205709	508	777	500	341	156	478	455.4288585	699.2296499	1567.928622	201.5782326	146.4864511	262.4239201	99.48	DOWN_pEhEx_UP_EhMyb10
EHI_126980A	43.78270824	-2.963541573	0.715726764	-4.140604661	3.46E-05	0.024912478	6	14	4	61	127	140	5.379081006	12.59873243	12.54342897	36.05944923	119.2549955	76.86056236	97.51	UP_pEhEx_DOWN_EhMyb10
EHI_018630A	74.59551265	4.307732659	1.083477501	3.975839512	7.01E-05	0.037026865	11	33	100	0	0	172	9.861648511	29.69701216	313.5857243	0	0	94.42869091	96.3	DOWN_pEhEx_UP_EhMyb10
EHI_178340A	1630.095271	-2.673765561	0.673607254	-3.969324178	7.21E-05	0.037026865	301	366	294	1876	4864	4705	269.8505638	329.3668621	921.9420295	1108.975848	4567.372424	2583.063899	96.3	UP_pEhEx_DOWN_EhMyb10
EHI_000640A	134.5245234	2.704687922	0.700224322	3.862602076	0.000112186	0.045404011	5	8	216	2	0	213	4.482567505	7.199275674	677.3451645	1.182277024	0	116.9378556	95.46	DOWN_pEhEx_UP_EhMyb10
EHI_050640A	19.82913593	3.912979896	1.020122905	3.835792604	0.00012516	0.045404011	18	58	13	4	8	0	16.13724302	52.19474864	40.76614416	2.364554048	7.512125698	0	95.46	DOWN_pEhEx_UP_EhMyb10
EHI_033240A	6.103839559	-5.599162352	1.466877554	-3.817061853	0.00013505	NA	0	0	0	12	18	23	0	0	0	7.093662143	16.90228282	12.62709239	NA	UP_pEhEx_DOWN_EhMyb10
EHI_152800A	398.2380109	-2.337048901	0.615454955	-3.79727043	0.000146298	0.045404011	191	106	29	755	1419	461	171.2340787	95.39040268	90.93986006	446.3095765	1332.463296	253.0908518	95.46	UP_pEhEx_DOWN_EhMyb10
EHI_004430A	20.91092683	-5.516612853	1.46012609	-3.778175659	0.000157981	0.045404011	0	0	3	79	61	22	0	0	9.40757173	46.69994244	57.27995845	12.07808837	95.46	UP_pEhEx_DOWN_EhMyb10
EHI_049360A	464.9977025	2.626714313	0.696993164	3.768637123	0.000164141	0.045404011	13	8	819	5	3	359	11.65467551	7.199275674	2568.267082	2.95569256	2.817047137	197.0924421	95.46	DOWN_pEhEx_UP_EhMyb10
EHI_025380A	42.04401163	2.611177961	0.730445627	3.574773898	0.000350531	0.088544053	5	8	66	3	0	58	4.482567505	7.199275674	206.9665781	1.773415536	0	31.84223298	91.15	DOWN_pEhEx_UP_EhMyb10
EHI_155680A	252.0346009	-2.144397986	0.602177674	-3.561071888	0.000369344	0.088544053	74	67	59	550	623	529	66.34199907	60.29393377	185.0155774	325.1261816	585.0067887	290.4231249	91.15	UP_pEhEx_DOWN_EhMyb10
EHI_017750A	748.1315721	-1.526000515	0.436631502	-3.494939114	0.00047417	0.096425676	198	230	306	950	880	3200	177.5096732	206.9791756	959.5723164	561.5815864	826.3338268	1756.812854	90.36	UP_pEhEx_DOWN_EhMyb10
EHI_178640A	109.9013145	3.629796897	1.041289078	3.485868598	0.000490542	0.096425676	19	14	128	0	0	416	17.03375652	12.59873243	401.3897271	0	0	228.385671	90.36	DOWN_pEhEx_UP_EhMyb10
EHI_134840A	51.36353383	-1.889362112	0.542123025	-3.485116895	0.000491922	0.096425676	22	20	8	69	91	217	19.72329702	17.99818919	25.08685795	40.78855732	85.45042982	119.1338717	90.36	UP_pEhEx_DOWN_EhMyb10
EHI_178770A	34.77121529	2.444628633	0.703344042	3.475722389	0.000509479	0.096425676	6	9	54	4	1	41	5.379081006	8.099185133	169.3362911	2.364554048	0.939015712	22.50916469	90.36	DOWN_pEhEx_UP_EhMyb10
EHI_189880A	132.1517973	2.478855671	0.716844936	3.458008207	0.000544185	0.097840934	4	10	221	4	1	153	3.586054004	8.999094593	693.0244508	2.364554048	0.939015712	83.99761458	90.22	DOWN_pEhEx_UP_EhMyb10
EHI_048140A	567.1881232	-2.176193976	0.632843369	-3.438756071	0.000584394	0.097840934	288	190	14	1320	2204	146	258.1958883	170.9827973	43.90200141	780.3028358	2069.59063	80.15458647	90.22	UP_pEhEx_DOWN_EhMyb10
EHI_195110A	353.7987613	13.19693258	3.844973102	3.43225615	0.000598582	0.097840934	31	2303	0	0	0	41	27.79191853	2072.491485	0	0	0	22.50916469	90.22	DOWN_pEhEx_UP_EhMyb10
EHI_087760A	183.5310946	2.030294789	0.594479771	3.415246216	0.000637244	0.099631684	22	20	295	16	4	228	19.72329702	17.99818919	925.0778868	9.458216191	3.756062849	125.1729159	90.04	DOWN_pEhEx_UP_EhMyb10
EHI_166970A	16.06704275	2.790514838	0.82144481	3.397081342	0.000681087	NA	4	8	24	2	1	15	3.586054004	7.199275674	75.26057384	1.182277024	0.939015712	8.235060253	NA	DOWN_pEhEx_UP_EhMyb10
EHI_049530A	104.0491082	2.904486098	0.866712266	3.351153794	0.000804756	0.120579267	3	10	178	0	3	94	2.689540503	8.999094593	558.1825893	0	2.817047137	51.60637759	87.94	DOWN_pEhEx_UP_EhMyb10
EHI_073540A	24.87063231	2.988251417	0.899416756	3.322432453	0.000892363	0.128357456	28	114	1	20	7	0	25.10237803	102.5896784	3.135857243	11.82277024	6.573109986	0	87.16	DOWN_pEhEx_UP_EhMyb10
EHI_009490A	59.00487533	-2.554312039	0.77317121	-3.303682297	0.000954239	0.131978602	53	17	0	174	124	131	47.51521555	15.29846081	0	102.8581011	116.4379483	71.91952621	86.8	UP_pEhEx_DOWN_EhMyb10
EHI_100350A	22.03118751	-2.913358151	0.900716603	-3.234489231	0.001218605	0.149903673	3	14	0	41	56	73	2.689540503	12.59873243	0	24.23667899	52.58487989	40.07729323	85.01	UP_pEhEx_DOWN_EhMyb10
EHI_098440A	609.4823037	1.935994661	0.599007461	3.232004252	0.001229252	0.149903673	763	1934	85	726	540	54	684.0398013	1740.424894	266.5478657	429.1665597	507.0684846	29.64621691	85.01	DOWN_pEhEx_UP_EhMyb10
EHI_172280A	69.63371865	-2.514932948	0.782346853	-3.214600965	0.00130626	0.149903673	17	12	14	135	227	100	15.24072952	10.79891351	43.90200141	79.80369911	213.1565667	54.90040169	85.01	UP_pEhEx_DOWN_EhMyb10
EHI_036560A	70.06924792	-2.395896645	0.746717443	-3.208571953	0.001333959	0.149903673	60	34	0	225	125	156	53.79081006	30.59692162	0	133.0061652	117.376964	85.64462663	85.01	UP_pEhEx_DOWN_EhMyb10
EHI_194060A	111.9289554	2.054988441	0.649566359	3.163631262	0.001558141	0.160083382	8	8	182	5	3	147	7.172108008	7.199275674	570.7260183	2.95569256	2.817047137	80.70359048	83.99	DOWN_pEhEx_UP_EhMyb10
EHI_177460A	43.83291523	-2.21401041	0.703434606	-3.147428903	0.001647132	0.160083382	39	21	0	181	62	80	34.96402654	18.89809864	0	106.9960707	58.21897416	43.92032135	83.99	UP_pEhEx_DOWN_EhMyb10
EHI_058320A	54.96804782	-1.814207152	0.5875807	-3.087588055	0.00201788	0.165656161	18	14	18	76	101	191	16.13724302	12.59873243	56.44543038	44.92652691	94.84058694	104.8597672	83.43	UP_pEhEx_DOWN_EhMyb10
EHI_127960A	63.48870728	2.36676826	0.76662871	3.087241882	0.002020231	0.165656161	7	11	107	5	4	41	6.275594507	9.899004052	335.536725	2.95569256	3.756062849	22.50916469	83.43	DOWN_pEhEx_UP_EhMyb10
EHI_101730A	34.24594864	2.683978485	0.878185267	3.056278198	0.002241032	0.165656161	14	36	44	14	0	26	12.55118901	32.39674053	137.9777187	8.275939167	0	14.27410444	83.43	DOWN_pEhEx_UP_EhMyb10
EHI_004530A	74.94793341	1.640278097	0.536729279	3.056062266	0.002242647	0.165656161	138	170	14	109	63	10	123.7188631	152.9846081	43.90200141	64.4340978	59.15798987	5.490040169	83.43	DOWN_pEhEx_UP_EhMyb10
EHI_146960A	40.69777099	2.220189164	0.726894436	3.054348821	0.002255497	0.165656161	6	13	58	5	0	77	5.379081006	11.69882297	181.8797201	2.95569256	0	42.2733093	83.43	DOWN_pEhEx_UP_EhMyb10
EHI_169600A	335.1909717	1.764646868	0.578472795	3.050526982	0.002284402	0.165656161	11	32	501	12	6	708	9.861648511	28.7971027	1571.064479	7.093662143	5.634094274	388.694844	83.43	DOWN_pEhEx_UP_EhMyb10
EHI_103370A	46.15851199	-1.668257568	0.547075823	-3.049408326	0.002292926	0.165656161	30	14	9	134	80	100	26.89540503	12.59873243	28.22271519	79.2125606	75.12125698	54.90040169	83.43	UP_pEhEx_DOWN_EhMyb10
EHI_008040A	31.18079195	-1.725093355	0.568331465	-3.035364854	0.002402449	0.165656161	9	18	6	53	51	118	8.068621509	16.19837027	18.81514346	31.33034113	47.88980133	64.78247399	83.43	UP_pEhEx_DOWN_EhMyb10
EHI_168450A	23.99468964	2.872551522	0.950224743	3.023023283	0.00250263	0.165656161	10	2	35	0	1	41	8.96513501	1.799818919	109.7550035	0	0.939015712	22.50916469	83.43	DOWN_pEhEx_UP_EhMyb10
EHI_025390A	63.10492427	1.829860936	0.605457329	3.022278943	0.002508792	0.165656161	44	44	76	31	20	44	39.44659404	39.59601621	238.3251505	18.32529387	18.78031425	24.15617674	83.43	DOWN_pEhEx_UP_EhMyb10
EHI_105280A	47.3822956	-2.327799568	0.770338629	-3.021787406	0.00251287	0.165656161	49	14	0	136	109	82	43.92916155	12.59873243	0	80.39483763	102.3527126	45.01832938	83.43	UP_pEhEx_DOWN_EhMyb10
EHI_105860A	925.2980272	1.933772202	0.642653958	3.009041147	0.002620736	0.165656161	25	67	1518	36	9	1237	22.41283753	60.29393377	4760.231295	21.28098643	8.45114141	679.1179689	83.43	DOWN_pEhEx_UP_EhMyb10
EHI_069200A	312.9000281	2.519910996	0.838466705	3.005379916	0.002652493	0.165656161	9	31	544	15	1	229	8.068621509	27.89719324	1705.90634	8.867077679	0.939015712	125.7219199	83.43	DOWN_pEhEx_UP_EhMyb10
EHI_140770A	10.72362406	-2.731467901	0.909279367	-3.003991953	0.002664624	NA	5	4	0	21	35	20	4.482567505	3.599637837	0	12.41390875	32.86554993	10.98008034	NA	UP_pEhEx_DOWN_EhMyb10
EHI_142260A	166.1323335	2.195635492	0.731095589	3.003212611	0.002671457	0.165656161	7	12	286	5	5	137	6.275594507	10.79891351	896.8551716	2.95569256	4.695078561	75.21355031	83.43	DOWN_pEhEx_UP_EhMyb10
EHI_038300A	44.35589217	-1.801777712	0.602866846	-2.9886827	0.002801829	0.170769123	27	10	9	138	75	96	24.20586453	8.999094593	28.22271519	81.57711465	70.42617842	52.70438562	82.92	UP_pEhEx_DOWN_EhMyb10
EHI_062540A	72.8630197	1.967273561	0.667717693	2.946265439	0.003216363	0.189381425	5	12	101	2	2	186	4.482567505	10.79891351	316.7215816	1.182277024	1.878031425	102.1147471	81.06	DOWN_pEhEx_UP_EhMyb10
EHI_153650A	33.62203602	-1.749914871	0.594885067	-2.941601612	0.003265197	0.189381425	25	13	3	70	49	129	22.41283753	11.69882297	9.40757173	41.37969584	46.0117699	70.82151818	81.06	UP_pEhEx_DOWN_EhMyb10
EHI_088600A	110.0814711	11.04253338	3.843795894	2.872819913	0.004068259	0.219588388	526	0	10	0	0	287	471.5661015	0	31.35857243	0	0	157.5641528	78.04	DOWN_pEhEx_UP_EhMyb10
EHI_189960A	170.5640555	2.072048802	0.722231505	2.868953772	0.00411832	0.219588388	8	14	291	10	3	150	7.172108008	12.59873243	912.5344578	5.91138512	2.817047137	82.35060253	78.04	DOWN_pEhEx_UP_EhMyb10
EHI_202460A	332.4340882	-1.609390828	0.565069127	-2.848130879	0.004397684	0.227236684	292	160	11	764	1103	122	261.7819423	143.9855135	34.49442968	451.6298231	1035.734331	66.97849006	77.28	UP_pEhEx_DOWN_EhMyb10
EHI_115710A	149.2106252	1.604989601	0.56389138	2.846274402	0.004423406	0.227236684	26	36	220	29	9	226	23.30935103	32.39674053	689.8885935	17.14301685	8.45114141	124.0749078	77.28	DOWN_pEhEx_UP_EhMyb10
EHI_124400A	347.4898051	1.601935582	0.565458594	2.832984763	0.004611558	0.233565691	20	35	546	24	10	546	17.93027002	31.49683107	1712.178055	14.18732429	9.390157123	299.7561932	76.64	DOWN_pEhEx_UP_EhMyb10
EHI_016390A	278.5987535	2.001555383	0.708689737	2.824304177	0.004738339	0.236199076	12	24	480	15	7	216	10.75816201	21.59782702	1505.211477	8.867077679	6.573109986	118.5848676	76.38	DOWN_pEhEx_UP_EhMyb10
EHI_145610A	190.8481497	1.505424422	0.533744226	2.820497811	0.00479492	0.236199076	269	545	22	238	203	24	241.1621318	490.4506553	68.98885935	140.6909658	190.6201896	13.17609641	76.38	DOWN_pEhEx_UP_EhMyb10
EHI_092720A	14.30385426	-2.268972009	0.804857063	-2.819099333	0.004815861	NA	4	5	2	15	31	61	3.586054004	4.499547296	6.271714487	8.867077679	29.10948708	33.48924503	NA	UP_pEhEx_DOWN_EhMyb10
EHI_103310A	1105.393693	-1.884636276	0.669386119	-2.815469611	0.0048706	0.236684847	1193	223	33	3240	3191	632	1069.540607	200.6798094	103.483289	1915.288779	2996.399138	346.9705387	76.33	UP_pEhEx_DOWN_EhMyb10
EHI_011800A	130.6368069	1.638858382	0.586275106	2.795374332	0.005183965	0.24855385	14	26	198	17	7	201	12.55118901	23.39764594	620.8997342	10.0493547	6.573109986	110.3498074	75.14	DOWN_pEhEx_UP_EhMyb10
EHI_069510A	62.10449606	1.669140497	0.600617453	2.779040949	0.005451965	0.257964037	9	24	79	8	4	158	8.068621509	21.59782702	247.7327222	4.729108096	3.756062849	86.74263467	74.2	DOWN_pEhEx_UP_EhMyb10
EHI_141220A	11.81815505	2.52194512	0.909316855	2.773450316	0.005546531	NA	16	16	10	11	4	1	14.34421602	14.39855135	31.35857243	6.502523632	3.756062849	0.549004017	NA	DOWN_pEhEx_UP_EhMyb10
EHI_086540A	29.48546857	-1.511806128	0.54548356	-2.771497143	0.005579916	0.260589333	24	13	4	81	46	73	21.51632402	11.69882297	12.54342897	47.88221947	43.19472276	40.07729323	73.94	UP_pEhEx_DOWN_EhMyb10
EHI_058110A	31.60663242	2.322198285	0.84257667	2.756067628	0.00585009	0.262831132	18	55	30	26	12	6	16.13724302	49.49502026	94.0757173	15.36960131	11.26818855	3.294024101	73.72	DOWN_pEhEx_UP_EhMyb10
EHI_068430A	69.63538953	1.960389349	0.71194433	2.753571126	0.005894896	0.262831132	3	10	106	2	3	127	2.689540503	8.999094593	332.4008678	1.182277024	2.817047137	69.72351015	73.72	DOWN_pEhEx_UP_EhMyb10
EHI_181520A	50.70306587	1.741081846	0.632428284	2.753010722	0.005904996	0.262831132	76	108	18	73	36	10	68.13502608	97.1902216	56.44543038	43.15311137	33.80456564	5.490040169	73.72	DOWN_pEhEx_UP_EhMyb10
EHI_099860A	102.4072031	-1.921299467	0.700118264	-2.744249887	0.006064935	0.262831132	17	18	56	117	162	339	15.24072952	16.19837027	175.6080056	69.1632059	152.1205454	186.1123617	73.72	UP_pEhEx_DOWN_EhMyb10
EHI_130730A	26.33576714	1.720870619	0.62870996	2.737145469	0.006197488	0.262831132	7	12	34	5	3	52	6.275594507	10.79891351	106.6191463	2.95569256	2.817047137	28.54820888	73.72	DOWN_pEhEx_UP_EhMyb10
EHI_117270A	179.5788275	2.440519269	0.895780879	2.724460105	0.006440671	0.26483365	331	432	65	119	5	206	296.7459688	388.7608864	203.8307208	70.34548292	4.695078561	113.0948275	73.52	DOWN_pEhEx_UP_EhMyb10
EHI_124880A	78.47457647	-1.614037139	0.592872307	-2.722402651	0.006480912	0.26483365	47	57	6	124	122	311	42.13613455	51.29483918	18.81514346	73.30117548	114.5599169	170.7402493	73.52	UP_pEhEx_DOWN_EhMyb10
EHI_048280A	14.67459754	2.004897094	0.738427972	2.715088229	0.006625812	NA	5	12	18	4	2	22	4.482567505	10.79891351	56.44543038	2.364554048	1.878031425	12.07808837	NA	DOWN_pEhEx_UP_EhMyb10
EHI_157360A	33.82765399	-1.723559556	0.646541415	-2.665814621	0.007680203	0.294180775	25	24	0	98	107	1	22.41283753	21.59782702	0	57.93157417	100.4746812	0.549004017	70.58	UP_pEhEx_DOWN_EhMyb10
EHI_097930A	56.38103058	-1.650445867	0.620098501	-2.661586611	0.007777333	0.294392518	55	24	4	103	113	160	49.30824256	21.59782702	12.54342897	60.88726673	106.1087755	87.8406427	70.56	UP_pEhEx_DOWN_EhMyb10
EHI_174880A	16.70892042	-1.984390777	0.745600502	-2.661466524	0.007780108	NA	10	6	1	24	28	77	8.96513501	5.399456756	3.135857243	14.18732429	26.29243994	42.2733093	NA	UP_pEhEx_DOWN_EhMyb10
EHI_050400A	62.337564	2.15078059	0.809221218	2.657840085	0.00786432	0.294584318	11	4	94	0	4	113	9.861648511	3.599637837	294.7705809	0	3.756062849	62.03745391	70.54	DOWN_pEhEx_UP_EhMyb10
EHI_035190A	35.16885943	1.634480399	0.616813293	2.649878689	0.008052068	0.298507583	11	26	38	6	6	90	9.861648511	23.39764594	119.1625752	3.546831072	5.634094274	49.41036152	70.15	DOWN_pEhEx_UP_EhMyb10
EHI_053420A	17.05661623	-1.699923353	0.642973816	-2.643845382	0.008197009	NA	11	12	1	40	38	35	9.861648511	10.79891351	3.135857243	23.64554048	35.68259707	19.21514059	NA	UP_pEhEx_DOWN_EhMyb10
EHI_105350A	1073.126905	1.778590935	0.673979778	2.63893813	0.008316616	0.303871514	36	98	1763	64	15	1344	32.27448604	88.19112701	5528.51632	37.83286477	14.08523568	737.8613987	69.61	DOWN_pEhEx_UP_EhMyb10
EHI_118640A	19.27586692	-1.729252306	0.655808556	-2.636824864	0.008368603	NA	8	6	3	24	18	114	7.172108008	5.399456756	9.40757173	14.18732429	16.90228282	62.58645793	NA	UP_pEhEx_DOWN_EhMyb10
EHI_078180A	205.6319595	2.497956421	0.948627397	2.633232425	0.008457645	0.303871514	6	11	377	9	2	53	5.379081006	9.899004052	1182.218181	5.320246608	1.878031425	29.0972129	69.61	DOWN_pEhEx_UP_EhMyb10
EHI_048440A	54.66760364	-1.508722633	0.573925672	-2.628777045	0.008569252	0.303871514	57	22	5	129	111	111	51.10126956	19.7980081	15.67928622	76.25686804	104.2307441	60.93944587	69.61	UP_pEhEx_DOWN_EhMyb10
EHI_150970A	22.06306377	1.768431006	0.673296177	2.626527621	0.008626099	0.303871514	15	16	26	12	7	17	13.44770252	14.39855135	81.53228833	7.093662143	6.573109986	9.333068287	69.61	DOWN_pEhEx_UP_EhMyb10
EHI_109820A	11.50582165	2.009555009	0.766595154	2.621403226	0.008756862	NA	6	9	13	3	1	22	5.379081006	8.099185133	40.76614416	1.773415536	0.939015712	12.07808837	NA	DOWN_pEhEx_UP_EhMyb10
EHI_078540A	29.83908458	2.111271354	0.809005432	2.609712212	0.009061842	0.30741872	13	5	46	5	5	20	11.65467551	4.499547296	144.2494332	2.95569256	4.695078561	10.98008034	69.26	DOWN_pEhEx_UP_EhMyb10
EHI_199650A	14.95843854	-1.667150358	0.639534122	-2.60682003	0.009138738	NA	7	9	2	33	23	51	6.275594507	8.099185133	6.271714487	19.50757089	21.59736138	27.99920486	NA	UP_pEhEx_DOWN_EhMyb10
EHI_083270A	1550.092992	-1.657950511	0.644394719	-2.57288035	0.010085607	0.318885675	1538	331	108	5365	3660	1233	1378.837765	297.870031	338.6725823	3171.458117	3436.797507	676.9219528	68.11	UP_pEhEx_DOWN_EhMyb10
EHI_083410A	1550.092992	-1.657950511	0.644394719	-2.57288035	0.010085607	0.318885675	1538	331	108	5365	3660	1233	1378.837765	297.870031	338.6725823	3171.458117	3436.797507	676.9219528	68.11	UP_pEhEx_DOWN_EhMyb10
EHI_049800A	76.20987282	2.400787613	0.933498074	2.571818495	0.010116591	0.318885675	1	8	129	4	0	77	0.896513501	7.199275674	404.5255844	2.364554048	0	42.2733093	68.11	DOWN_pEhEx_UP_EhMyb10
EHI_093840A	15.75400206	-1.601089981	0.62356886	-2.567623375	0.010239834	NA	9	7	3	35	27	45	8.068621509	6.299366215	9.40757173	20.68984792	25.35342423	24.70518076	NA	UP_pEhEx_DOWN_EhMyb10
EHI_092170A	69.22427416	-1.559575291	0.607738595	-2.566194253	0.010282123	0.318885675	40	23	15	230	134	91	35.86054004	20.69791756	47.03785865	135.9618577	125.8281054	49.95936554	68.11	UP_pEhEx_DOWN_EhMyb10
EHI_027500A	886.2237359	1.504940806	0.586640757	2.565353309	0.010307079	0.318885675	44	64	1410	59	16	1364	39.44659404	57.59420539	4421.558713	34.87717221	15.0242514	748.841479	68.11	DOWN_pEhEx_UP_EhMyb10
EHI_095830A	175.4177065	-1.650038685	0.644240822	-2.561214113	0.010430705	0.318885675	94	28	58	384	304	453	84.2722691	25.19746486	181.8797201	226.9971886	285.4607765	248.6988197	68.11	UP_pEhEx_DOWN_EhMyb10
EHI_130480A	66.15723368	1.822666803	0.713759614	2.553614365	0.010661126	0.318885675	12	12	106	8	8	56	10.75816201	10.79891351	332.4008678	4.729108096	7.512125698	30.74422495	68.11	DOWN_pEhEx_UP_EhMyb10
EHI_125860A	65.81665911	2.196569476	0.860937137	2.55137034	0.010730024	0.318885675	1	8	103	3	0	113	0.896513501	7.199275674	322.9932961	1.773415536	0	62.03745391	68.11	DOWN_pEhEx_UP_EhMyb10
EHI_022930A	341.7010442	2.174828057	0.855809469	2.541252621	0.011045608	0.324247981	2	10	595	6	1	308	1.793027002	8.999094593	1865.83506	3.546831072	0.939015712	169.0932372	67.58	DOWN_pEhEx_UP_EhMyb10
EHI_107170A	191.4275959	1.98129292	0.781027963	2.536775909	0.011187854	0.324447776	208	748	10	355	45	10	186.4748082	673.1322755	31.35857243	209.8541717	42.25570705	5.490040169	67.56	DOWN_pEhEx_UP_EhMyb10
EHI_056490A	28253.60967	1.61670828	0.641251216	2.521177723	0.011696276	0.324653542	5362	7433	44212	4513	4270	23143	4807.105392	6689.027011	138642.5204	2667.808104	4009.597091	12705.59996	67.53	DOWN_pEhEx_UP_EhMyb10
EHI_101290A	63.31635993	1.530687899	0.607643471	2.519055948	0.011766996	0.324653542	8	18	77	6	3	198	7.172108008	16.19837027	241.4610077	3.546831072	2.817047137	108.7027953	67.53	DOWN_pEhEx_UP_EhMyb10
EHI_068710A	42.40273213	1.715620072	0.683579595	2.509759046	0.012081357	0.324653542	6	18	51	5	2	124	5.379081006	16.19837027	159.9287194	2.95569256	1.878031425	68.07649809	67.53	DOWN_pEhEx_UP_EhMyb10
EHI_106680A	16.95917713	1.539260255	0.613606073	2.508547946	0.012122851	NA	21	39	7	19	8	13	18.82678352	35.09646891	21.9510007	11.23163173	7.512125698	7.13705222	NA	DOWN_pEhEx_UP_EhMyb10
EHI_179910A	22.9398656	1.874132402	0.750186748	2.498221151	0.01248183	0.324653542	5	16	27	5	1	55	4.482567505	14.39855135	84.66814557	2.95569256	0.939015712	30.19522093	67.53	DOWN_pEhEx_UP_EhMyb10
EHI_086080A	208.7764861	-1.607769005	0.644286113	-2.495427066	0.012580561	0.324653542	209	59	21	372	576	338	187.3713217	53.0946581	65.85300211	219.9035264	540.8730503	185.5633577	67.53	UP_pEhEx_DOWN_EhMyb10
EHI_059670A	128.7948076	1.541733929	0.620457066	2.484835796	0.01296112	0.324653542	193	310	22	154	163	14	173.0271057	278.9719324	68.98885935	91.03533084	153.0595611	7.686056236	67.53	DOWN_pEhEx_UP_EhMyb10
EHI_089770A	30.48208669	-5.852493225	2.360246164	-2.479611371	0.013152565	0.324653542	0	0	30	51	35	47	0	0	94.0757173	30.14806411	32.86554993	25.80318879	67.53	UP_pEhEx_DOWN_EhMyb10
EHI_142710A	80.70379645	-1.730166321	0.698970782	-2.475305641	0.01331222	0.324653542	106	44	1	259	134	123	95.03043111	39.59601621	3.135857243	153.1048746	125.8281054	67.52749408	67.53	UP_pEhEx_DOWN_EhMyb10
EHI_054490A	1026.619463	1.536810414	0.622425483	2.46906731	0.013546573	0.325158828	37	57	1677	54	14	1405	33.17099954	51.29483918	5258.832597	31.92147965	13.14621997	771.3506437	67.48	DOWN_pEhEx_UP_EhMyb10
EHI_017570A	18.45083705	1.920984883	0.778720678	2.466847148	0.013630853	NA	5	16	20	4	1	47	4.482567505	14.39855135	62.71714487	2.364554048	0.939015712	25.80318879	NA	DOWN_pEhEx_UP_EhMyb10
EHI_007300A	16.69340476	1.7511073	0.711792417	2.460137614	0.013888375	NA	8	10	21	8	2	21	7.172108008	8.999094593	65.85300211	4.729108096	1.878031425	11.52908435	NA	DOWN_pEhEx_UP_EhMyb10
EHI_194240A	2364.390531	1.891508481	0.774143878	2.443355215	0.014551407	0.33429763	22	41	4283	28	18	1212	19.72329702	36.89628783	13430.87657	16.55187833	16.90228282	665.3928685	66.57	DOWN_pEhEx_UP_EhMyb10
EHI_160910A	26.55715403	-1.84745541	0.759967759	-2.430965509	0.015058648	0.340571686	17	3	6	44	59	75	15.24072952	2.699728378	18.81514346	26.01009453	55.40192702	41.17530127	65.94	UP_pEhEx_DOWN_EhMyb10
EHI_062840A	305.8280842	1.649114046	0.685088072	2.407156268	0.016077289	0.346626535	12	19	516	17	7	314	10.75816201	17.09827973	1618.102338	10.0493547	6.573109986	172.3872613	65.34	DOWN_pEhEx_UP_EhMyb10
EHI_182790A	266.8592568	1.633842272	0.680102802	2.402346036	0.01629029	0.346626535	15	36	439	25	12	278	13.44770252	32.39674053	1376.64133	14.7784628	11.26818855	152.6231167	65.34	DOWN_pEhEx_UP_EhMyb10
EHI_023000A	61.92898873	-1.985676983	0.828431754	-2.396910757	0.01653395	0.347696402	77	9	2	157	149	101	69.03153958	8.099185133	6.271714487	92.80874638	139.9133411	55.44940571	65.23	UP_pEhEx_DOWN_EhMyb10
EHI_137050A	124.4872952	1.632456217	0.683253049	2.389241028	0.016883222	0.351894292	7	15	201	11	5	156	6.275594507	13.49864189	630.3073059	6.502523632	4.695078561	85.64462663	64.81	DOWN_pEhEx_UP_EhMyb10
EHI_014070A	16.32334253	1.909789445	0.799549801	2.388580978	0.016913581	NA	13	29	13	20	4	7	11.65467551	26.09737432	40.76614416	11.82277024	3.756062849	3.843028118	NA	DOWN_pEhEx_UP_EhMyb10
EHI_125320A	17.50468636	1.91107943	0.801507736	2.384355566	0.017109063	NA	5	9	25	6	3	14	4.482567505	8.099185133	78.39643108	3.546831072	2.817047137	7.686056236	NA	DOWN_pEhEx_UP_EhMyb10
EHI_177370A	15.95331878	1.833084013	0.774438629	2.366984219	0.017933697	NA	7	21	17	11	5	11	6.275594507	18.89809864	53.30957314	6.502523632	4.695078561	6.039044186	NA	DOWN_pEhEx_UP_EhMyb10
EHI_036600A	117.5078546	1.849620974	0.784336635	2.358197858	0.018363902	0.370117109	6	18	173	10	0	246	5.379081006	16.19837027	542.5033031	5.91138512	0	135.0549882	62.99	DOWN_pEhEx_UP_EhMyb10
EHI_118190A	384.0934958	1.838664118	0.780088394	2.356994581	0.018423516	0.370117109	7	14	678	9	7	269	6.275594507	12.59873243	2126.111211	5.320246608	6.573109986	147.6820805	62.99	DOWN_pEhEx_UP_EhMyb10
EHI_103900A	56.73600134	1.68738924	0.717140034	2.352942466	0.018625516	0.372096414	63	207	2	79	47	1	56.48035056	186.2812581	6.271714487	46.69994244	44.13373848	0.549004017	62.79	DOWN_pEhEx_UP_EhMyb10
EHI_113580A	14.67176319	2.120817258	0.902241027	2.350610528	0.01874264	NA	3	8	21	5	0	17	2.689540503	7.199275674	65.85300211	2.95569256	0	9.333068287	NA	DOWN_pEhEx_UP_EhMyb10
EHI_153940.mRNA	9.832091535	-1.875857764	0.800226956	-2.344157179	0.019070133	NA	6	8	0	27	26	11	5.379081006	7.199275674	0	15.96073982	24.41440852	6.039044186	NA	UP_pEhEx_DOWN_EhMyb10
EHI_162230A	23.28870637	-2.837165315	1.219036068	-2.327384226	0.019944825	0.386842374	0	20	0	55	88	12	0	17.99818919	0	32.51261816	82.63338268	6.588048203	61.32	UP_pEhEx_DOWN_EhMyb10
EHI_097600A	63.70575472	1.621470921	0.697053851	2.326177409	0.020009088	0.386842374	4	12	91	7	1	141	3.586054004	10.79891351	285.3630091	4.137969584	0.939015712	77.40956638	61.32	DOWN_pEhEx_UP_EhMyb10
EHI_137010A	38.61348526	1.614475369	0.696059435	2.319450447	0.020370625	0.387580781	21	48	39	34	15	24	18.82678352	43.19565404	122.2984325	20.09870941	14.08523568	13.17609641	61.24	DOWN_pEhEx_UP_EhMyb10
EHI_137270A	38.61348526	1.614475369	0.696059435	2.319450447	0.020370625	0.387580781	21	48	39	34	15	24	18.82678352	43.19565404	122.2984325	20.09870941	14.08523568	13.17609641	61.24	DOWN_pEhEx_UP_EhMyb10
EHI_033850A	15.55280256	-2.192651965	0.946132443	-2.317489462	0.020477084	NA	2	18	0	49	33	28	1.793027002	16.19837027	0	28.96578709	30.98751851	15.37211247	NA	UP_pEhEx_DOWN_EhMyb10
EHI_068140A	14.44265073	2.140164877	0.929249825	2.303110337	0.021272636	NA	20	31	6	15	14	0	17.93027002	27.89719324	18.81514346	8.867077679	13.14621997	0	NA	DOWN_pEhEx_UP_EhMyb10
EHI_034960A	9.142385043	2.377382866	1.034446664	2.298216958	0.021549444	NA	12	22	4	4	10	0	10.75816201	19.7980081	12.54342897	2.364554048	9.390157123	0	NA	DOWN_pEhEx_UP_EhMyb10
EHI_075170A	24.91696549	1.757929213	0.766857571	2.292380332	0.021883706	0.389698346	33	61	7	44	17	2	29.58494553	54.89447702	21.9510007	26.01009453	15.96326711	1.098008034	61.03	DOWN_pEhEx_UP_EhMyb10
EHI_169310A	59.35627407	2.331059567	1.018659412	2.288360113	0.022116558	0.389698346	104	116	18	98	47	0	93.23740411	104.3894973	56.44543038	57.93157417	44.13373848	0	61.03	DOWN_pEhEx_UP_EhMyb10
EHI_148580A	85.38835495	2.057393279	0.901234046	2.282862358	0.022438477	0.389698346	2	17	140	9	1	91	1.793027002	15.29846081	439.0200141	5.320246608	0.939015712	49.95936554	61.03	DOWN_pEhEx_UP_EhMyb10
EHI_114920A	929.5465272	-2.164580781	0.949274995	-2.280246287	0.022593086	0.389698346	815	29	79	1963	2567	1825	730.6585033	26.09737432	247.7327222	1160.404899	2410.453333	1001.932331	61.03	UP_pEhEx_DOWN_EhMyb10
EHI_182560A	114.3443147	1.729113249	0.759850895	2.275595463	0.022870233	0.389698346	24	46	174	44	11	75	21.51632402	41.39583513	545.6391603	26.01009453	10.32917284	41.17530127	61.03	DOWN_pEhEx_UP_EhMyb10
EHI_026360A	36.53156239	-1.922367482	0.845553441	-2.273502049	0.022995943	0.389698346	40	19	0	57	78	108	35.86054004	17.09827973	0	33.69489518	73.24322556	59.29243382	61.03	UP_pEhEx_DOWN_EhMyb10
EHI_179390A	232.4066962	-1.667359123	0.733455727	-2.273292119	0.023008582	0.389698346	52	33	159	300	329	607	46.61870205	29.69701216	498.6013017	177.3415536	308.9361693	333.2454383	61.03	UP_pEhEx_DOWN_EhMyb10
EHI_054210A	13.39919716	-1.707598201	0.751716803	-2.271597754	0.023110817	NA	5	5	2	13	15	79	4.482567505	4.499547296	6.271714487	7.684800655	14.08523568	43.37131733	NA	UP_pEhEx_DOWN_EhMyb10
EHI_053850A	30.65813265	1.843267029	0.81268165	2.268129259	0.023321329	0.389698346	25	65	18	44	19	5	22.41283753	58.49411485	56.44543038	26.01009453	17.84129853	2.745020084	61.03	DOWN_pEhEx_UP_EhMyb10
EHI_066770A	506.9568149	-1.594864783	0.704152799	-2.26494134	0.023516279	0.389698346	793	148	15	1430	1086	520	710.9352063	133.1866	47.03785865	845.3280721	1019.771064	285.4820888	61.03	UP_pEhEx_DOWN_EhMyb10
EHI_174180A	506.9568149	-1.594864783	0.704152799	-2.26494134	0.023516279	0.389698346	793	148	15	1430	1086	520	710.9352063	133.1866	47.03785865	845.3280721	1019.771064	285.4820888	61.03	UP_pEhEx_DOWN_EhMyb10
EHI_183200A	23.79742394	-5.521760067	2.448938085	-2.254756909	0.024148591	0.394493684	0	0	26	26	36	22	0	0	81.53228833	15.36960131	33.80456564	12.07808837	60.55	UP_pEhEx_DOWN_EhMyb10
EHI_165180A	16.35782101	1.901833406	0.843858177	2.253735827	0.024212792	NA	9	20	15	8	0	37	8.068621509	17.99818919	47.03785865	4.729108096	0	20.31314862	NA	DOWN_pEhEx_UP_EhMyb10
EHI_049990A	90.23721317	-8.653125716	3.844920986	-2.250534081	0.024415063	0.394493684	0	0	138	79	66	0	0	0	432.7482996	46.69994244	61.97503701	0	60.55	UP_pEhEx_DOWN_EhMyb10
EHI_152380A	17.61084443	-1.976508518	0.880572616	-2.244571863	0.024795631	NA	15	7	0	23	32	77	13.44770252	6.299366215	0	13.59618577	30.04850279	42.2733093	NA	UP_pEhEx_DOWN_EhMyb10
EHI_032670A	18.09222485	-2.138288868	0.953233023	-2.243196382	0.024884153	NA	6	1	7	25	47	39	5.379081006	0.899909459	21.9510007	14.7784628	44.13373848	21.41115666	NA	UP_pEhEx_DOWN_EhMyb10
EHI_119510A	51.14668991	2.119729381	0.946880632	2.238644777	0.025179038	0.401404896	4	11	87	10	1	25	3.586054004	9.899004052	272.8195802	5.91138512	0.939015712	13.72510042	59.86	DOWN_pEhEx_UP_EhMyb10
EHI_065470A	24.82381895	2.311171801	1.032739627	2.237903669	0.025227338	0.401404896	0	12	38	2	2	29	0	10.79891351	119.1625752	1.182277024	1.878031425	15.92111649	59.86	DOWN_pEhEx_UP_EhMyb10
EHI_137740A	13.83974497	1.794780064	0.802429077	2.236683732	0.025307018	NA	4	14	15	5	1	29	3.586054004	12.59873243	47.03785865	2.95569256	0.939015712	15.92111649	NA	DOWN_pEhEx_UP_EhMyb10
EHI_067090A	1634.193995	1.621109077	0.725473798	2.234552209	0.025446761	0.403112571	21	41	2865	23	24	1328	18.82678352	36.89628783	8984.231002	13.59618577	22.53637709	729.0773344	59.69	DOWN_pEhEx_UP_EhMyb10
EHI_153250A	21.58237709	-2.021096643	0.906605155	-2.229301953	0.025793821	0.406818331	27	5	0	42	54	46	24.20586453	4.499547296	0	24.8278175	50.70684846	25.25418478	59.32	UP_pEhEx_DOWN_EhMyb10
EHI_159450A	25.35288875	2.192334758	0.986021009	2.223415869	0.026187771	0.407718161	11	20	17	3	0	126	9.861648511	17.99818919	53.30957314	1.773415536	0	69.17450613	59.23	DOWN_pEhEx_UP_EhMyb10
EHI_127360A	16.73128143	-1.729406913	0.781095289	-2.214079302	0.026823324	NA	11	13	0	33	24	67	9.861648511	11.69882297	0	19.50757089	22.53637709	36.78326913	NA	UP_pEhEx_DOWN_EhMyb10
EHI_056680A	42.75321601	-1.713623671	0.776562875	-2.206677303	0.027336612	0.417531006	61	16	0	182	71	24	54.68732356	14.39855135	0	107.5872092	66.67011557	13.17609641	58.25	UP_pEhEx_DOWN_EhMyb10
EHI_151540A	22.25245811	-1.546799343	0.703088331	-2.200007133	0.027806389	0.420133507	28	13	0	55	52	28	25.10237803	11.69882297	0	32.51261816	48.82881704	15.37211247	57.99	UP_pEhEx_DOWN_EhMyb10
EHI_156380A	14.26661601	-2.010710442	0.916231134	-2.194544988	0.028196253	NA	2	2	8	25	25	34	1.793027002	1.799818919	25.08685795	14.7784628	23.47539281	18.66613657	NA	UP_pEhEx_DOWN_EhMyb10
EHI_159780A	19.96363163	1.881957959	0.859247911	2.19023862	0.028506936	0.42443664	16	22	20	16	12	4	14.34421602	19.7980081	62.71714487	9.458216191	11.26818855	2.196016068	57.56	DOWN_pEhEx_UP_EhMyb10
EHI_194530A	12.40655124	1.666966482	0.770864193	2.16246454	0.030582387	NA	9	15	12	12	4	8	8.068621509	13.49864189	37.63028692	7.093662143	3.756062849	4.392032135	NA	DOWN_pEhEx_UP_EhMyb10
EHI_068620A	22.46354674	2.355393306	1.092299524	2.156362109	0.031055401	0.443155642	4	13	21	0	1	96	3.586054004	11.69882297	65.85300211	0	0.939015712	52.70438562	55.68	DOWN_pEhEx_UP_EhMyb10
EHI_164840A	18.22883145	-1.660156653	0.775066097	-2.141954937	0.032197108	NA	6	1	9	19	21	80	5.379081006	0.899909459	28.22271519	11.23163173	19.71932996	43.92032135	NA	UP_pEhEx_DOWN_EhMyb10
EHI_159820A	65.31018397	-1.805369607	0.84328907	-2.140866842	0.032284778	0.453500238	78	47	0	144	106	173	69.92805308	42.29574459	0	85.12394572	99.5356655	94.97769492	54.65	UP_pEhEx_DOWN_EhMyb10
EHI_194430A	104.8529774	-1.740837384	0.81720513	-2.130233058	0.033152377	0.457442138	14	10	92	92	117	282	12.55118901	8.999094593	288.4988664	54.3847431	109.8648383	154.8191328	54.26	UP_pEhEx_DOWN_EhMyb10
EHI_041580A	30.91966709	1.516378105	0.713509516	2.125238796	0.033566692	0.457442138	32	92	6	30	37	5	28.68843203	82.79167025	18.81514346	17.73415536	34.74358135	2.745020084	54.26	DOWN_pEhEx_UP_EhMyb10
EHI_113950A	503.7196485	1.895325603	0.898178835	2.110187336	0.034842223	0.457442138	516	1387	110	258	850	29	462.6009665	1248.17442	344.9442968	152.5137361	798.1633554	15.92111649	54.26	DOWN_pEhEx_UP_EhMyb10
EHI_028990A	271.0449519	-1.519261715	0.720273254	-2.109285199	0.034919972	0.457442138	141	53	100	450	641	493	126.4084036	47.69520134	313.5857243	266.0123304	601.9090716	270.6589803	54.26	UP_pEhEx_DOWN_EhMyb10
EHI_148400A	13.67255883	-2.020780545	0.958548233	-2.108167827	0.035016475	NA	17	2	0	38	26	33	15.24072952	1.799818919	0	22.46326345	24.41440852	18.11713256	NA	UP_pEhEx_DOWN_EhMyb10
EHI_135590A	15.99394087	-1.599084917	0.759139038	-2.106445376	0.035165683	NA	15	11	0	31	28	51	13.44770252	9.899004052	0	18.32529387	26.29243994	27.99920486	NA	UP_pEhEx_DOWN_EhMyb10
EHI_030800A	416086.0261	1.654186399	0.785602844	2.105626796	0.035236783	0.457442138	37371	60764	714483	39539	39924	194810	33503.60605	54682.09838	2240516.691	23373.02562	37489.2633	106951.4725	54.26	DOWN_pEhEx_UP_EhMyb10
EHI_180390A	49.71036748	-2.40507862	1.150124837	-2.091145712	0.036515004	0.460729666	17	12	2	19	266	9	15.24072952	10.79891351	6.271714487	11.23163173	249.7781795	4.941036152	53.93	UP_pEhEx_DOWN_EhMyb10
EHI_158070A	1171.137274	1.675348269	0.802577892	2.087458781	0.036846683	0.460762361	18	42	2098	27	23	649	16.13724302	37.79619729	6579.028496	15.96073982	21.59736138	356.303607	53.92	DOWN_pEhEx_UP_EhMyb10
EHI_176850A	29.95750444	1.676375189	0.808801828	2.072664936	0.038203473	0.464213221	14	56	24	21	24	12	12.55118901	50.39492972	75.26057384	12.41390875	22.53637709	6.588048203	53.58	DOWN_pEhEx_UP_EhMyb10
EHI_153110A	30.93913489	1.576552824	0.761138311	2.07130925	0.038329905	0.464213221	4	15	35	5	1	100	3.586054004	13.49864189	109.7550035	2.95569256	0.939015712	54.90040169	53.58	DOWN_pEhEx_UP_EhMyb10
EHI_035470A	8.726402347	1.70086173	0.821989265	2.069201878	0.038527147	NA	9	17	5	7	1	15	8.068621509	15.29846081	15.67928622	4.137969584	0.939015712	8.235060253	NA	DOWN_pEhEx_UP_EhMyb10
EHI_050985A	11.10287019	1.674056793	0.81077474	2.064761901	0.038945534	NA	4	13	12	7	2	14	3.586054004	11.69882297	37.63028692	4.137969584	1.878031425	7.686056236	NA	DOWN_pEhEx_UP_EhMyb10
EHI_109930A	30.60566182	2.307094902	1.124026803	2.052526591	0.040118514	0.464213221	14	31	15	0	3	170	12.55118901	27.89719324	47.03785865	0	2.817047137	93.33068287	53.58	DOWN_pEhEx_UP_EhMyb10
EHI_079900A	11.60578257	1.771973382	0.864623591	2.049415955	0.040421458	NA	5	12	12	6	0	24	4.482567505	10.79891351	37.63028692	3.546831072	0	13.17609641	NA	DOWN_pEhEx_UP_EhMyb10
EHI_188810A	18.85846255	-1.504606212	0.735511897	-2.045658566	0.040789975	NA	17	16	0	42	28	59	15.24072952	14.39855135	0	24.8278175	26.29243994	32.391237	NA	UP_pEhEx_DOWN_EhMyb10
EHI_193430A	22.5500748	1.525859054	0.748298782	2.039104018	0.041439647	0.464213221	3	9	27	2	2	67	2.689540503	8.099185133	84.66814557	1.182277024	1.878031425	36.78326913	53.58	DOWN_pEhEx_UP_EhMyb10
EHI_117850A	3233.82943	-1.509131117	0.740314018	-2.03850134	0.041499821	0.464213221	2699	443	696	7024	7714	5476	2419.689939	398.6598905	2182.556641	4152.156908	7243.567204	3006.345996	53.58	UP_pEhEx_DOWN_EhMyb10
EHI_175080A	10.0581166	1.9532506	0.961931601	2.030550404	0.042300623	NA	3	9	10	2	0	31	2.689540503	8.099185133	31.35857243	1.182277024	0	17.01912452	NA	DOWN_pEhEx_UP_EhMyb10
EHI_153780A	11.94838388	1.526183398	0.755872733	2.01910101	0.043476722	NA	21	33	1	18	10	0	18.82678352	29.69701216	3.135857243	10.64049322	9.390157123	0	NA	DOWN_pEhEx_UP_EhMyb10
EHI_126270A	23.18631091	1.681675015	0.833773657	2.016944289	0.043701328	0.464213221	17	56	11	40	14	4	15.24072952	50.39492972	34.49442968	23.64554048	13.14621997	2.196016068	53.58	DOWN_pEhEx_UP_EhMyb10
EHI_152620A	122.6866409	1.769570424	0.878663408	2.013934354	0.044016426	0.464213221	2	15	208	10	3	109	1.793027002	13.49864189	652.2583066	5.91138512	2.817047137	59.84143784	53.58	DOWN_pEhEx_UP_EhMyb10
EHI_166800A	58.26824652	1.626612526	0.813898054	1.998545786	0.045657521	0.464213221	26	116	28	19	11	205	23.30935103	104.3894973	87.80400281	11.23163173	10.32917284	112.5458235	53.58	DOWN_pEhEx_UP_EhMyb10
EHI_048580A	74.74452021	1.556328983	0.778901992	1.998106308	0.045705136	0.464213221	55	183	29	103	81	12	49.30824256	164.683431	90.93986006	60.88726673	76.06027269	6.588048203	53.58	DOWN_pEhEx_UP_EhMyb10
EHI_154330A	72.89720985	1.548755415	0.777321396	1.992426071	0.046324329	0.464213221	86	208	9	53	118	5	77.10016109	187.1811675	28.22271519	31.33034113	110.803854	2.745020084	53.58	DOWN_pEhEx_UP_EhMyb10
EHI_084660A	61.24803188	1.508241878	0.757514624	1.991039949	0.046476495	0.464213221	55	155	17	96	69	7	49.30824256	139.4859662	53.30957314	56.74929715	64.79208415	3.843028118	53.58	DOWN_pEhEx_UP_EhMyb10
EHI_014010A	40.23137674	1.565229809	0.789983739	1.981344339	0.047552671	0.464213221	38	96	13	62	44	4	34.06751304	86.39130809	40.76614416	36.65058774	41.31669134	2.196016068	53.58	DOWN_pEhEx_UP_EhMyb10
EHI_138050A	21.01200267	1.678431422	0.84726462	1.981000247	0.047591246	0.464213221	6	33	21	20	6	14	5.379081006	29.69701216	65.85300211	11.82277024	5.634094274	7.686056236	53.58	DOWN_pEhEx_UP_EhMyb10
EHI_136420A	5.711679974	-2.125524431	1.073825735	-1.979394199	0.047771641	NA	4	0	1	14	10	18	3.586054004	0	3.135857243	8.275939167	9.390157123	9.882072304	NA	UP_pEhEx_DOWN_EhMyb10
EHI_027030A	34.643127	1.614990208	0.819415326	1.970905544	0.048734681	0.464213221	5	15	52	13	4	28	4.482567505	13.49864189	163.0645767	7.684800655	3.756062849	15.37211247	53.58	DOWN_pEhEx_UP_EhMyb10
EHI_170300A	27.96988326	-1.519952416	0.772671485	-1.967139263	0.049167158	0.464213221	30	4	4	70	59	51	26.89540503	3.599637837	12.54342897	41.37969584	55.40192702	27.99920486	53.58	UP_pEhEx_DOWN_EhMyb10
EHI_020110A	7.204849531	-1.723898223	0.877636235	-1.964251423	0.049500942	NA	6	4	0	15	13	24	5.379081006	3.599637837	0	8.867077679	12.20720426	13.17609641	NA	UP_pEhEx_DOWN_EhMyb10
EHI_083260A	74.10364373	-1.616797736	0.825953652	-1.957492084	0.050289642	0.464213221	122	44	0	185	137	105	109.3746471	39.59601621	0	109.3606247	128.6451526	57.64542177	53.58	UP_pEhEx_DOWN_EhMyb10
EHI_133540A	64.37550422	1.717779498	0.87878706	1.954716421	0.050616551	0.464213221	40	137	38	51	77	10	35.86054004	123.2875959	119.1625752	30.14806411	72.30420985	5.490040169	53.58	DOWN_pEhEx_UP_EhMyb10
EHI_123710A	164.0783731	1.514920102	0.779297358	1.943956421	0.051900707	0.468432629	10	13	279	18	5	134	8.96513501	11.69882297	874.9041709	10.64049322	4.695078561	73.56653826	53.16	DOWN_pEhEx_UP_EhMyb10
EHI_122900A	317.5258561	1.690754799	0.872925384	1.93688353	0.052759582	0.468731399	325	788	67	308	537	15	291.3668878	709.1286539	210.1024353	182.0706617	504.2514375	8.235060253	53.13	DOWN_pEhEx_UP_EhMyb10
EHI_050000A	40.67839475	-1.606501052	0.831110951	-1.932956183	0.053241596	0.469071438	4	14	24	54	73	95	3.586054004	12.59873243	75.26057384	31.92147965	68.548147	52.1553816	53.09	UP_pEhEx_DOWN_EhMyb10
EHI_111800A	11.54911396	-1.515733788	0.788640217	-1.921958524	0.054610977	NA	12	7	0	27	17	37	10.75816201	6.299366215	0	15.96073982	15.96326711	20.31314862	NA	UP_pEhEx_DOWN_EhMyb10
EHI_022900A	454.8928958	2.062433276	1.080730333	1.908369935	0.05634342	0.471768877	13	72	545	0	13	1697	11.65467551	64.79348107	1709.042198	0	12.20720426	931.6598167	52.82	DOWN_pEhEx_UP_EhMyb10
EHI_077490A	31.40269862	1.872627983	0.992389997	1.886987967	0.059161944	0.478081687	4	22	37	0	6	79	3.586054004	19.7980081	116.026718	0	5.634094274	43.37131733	52.19	DOWN_pEhEx_UP_EhMyb10
EHI_087560A	41.97657964	2.523544874	1.338866899	1.884836257	0.059451948	0.479347995	0	19	47	2	0	157	0	17.09827973	147.3852904	1.182277024	0	86.19363065	52.07	DOWN_pEhEx_UP_EhMyb10
																				
																				
																				
																				
																				
																				
																				
																				
																				
																				
																				
																				
																				
																				
																				
																				
																				
																				
																				
																				
																				
																				
																				
																				
																				
																				
																				
																				
																				
																				
																				
																				
																				
																				
																				
																				
																				
																				
																				
																				
																				
																				
																				
																				
																				
																				
																				
																				
																				
																				
																				
